Before, SNR After,Tap,LR,Exec_secs

Before, SNR After,Tap,LR,Exec_secs

-5.279199,NaN,25000,0.100000,52.953326

-5.279199,NaN,25000,0.105000,53.517070

-5.279199,NaN,25000,0.110000,51.510404

-5.279199,NaN,25000,0.115000,51.682248

-5.279199,NaN,25000,0.120000,51.352403

-5.279199,NaN,25000,0.125000,51.569405

-5.279199,NaN,25000,0.130000,51.558190

-5.279199,NaN,25000,0.135000,51.657752

-5.279199,NaN,25000,0.140000,51.743648

-5.279199,NaN,25000,0.145000,51.325870

-5.279199,NaN,25000,0.150000,51.442618

-5.279199,NaN,25000,0.155000,52.027106

-5.279199,NaN,25000,0.160000,52.830510

-5.279199,NaN,25000,0.165000,52.291032

-5.279199,NaN,25000,0.170000,53.452704

-5.279199,NaN,25000,0.175000,52.194932

Before, SNR After,Tap,LR,Exec_secs

-5.279199,NaN,25000,0.180000,52.899789

-5.279199,NaN,25000,0.185000,51.974622

-5.279199,NaN,25000,0.190000,53.608939

-5.279199,NaN,25000,0.195000,53.114696

-5.279199,NaN,25000,0.200000,52.751892

-5.279199,NaN,25000,0.205000,53.252466

-5.279199,NaN,25000,0.210000,52.877142

-5.279199,NaN,25000,0.215000,53.240113

-5.279199,NaN,25000,0.220000,53.396446

-5.279199,NaN,25000,0.225000,52.918426

-5.279199,NaN,25000,0.230000,54.452621

-5.279199,NaN,25000,0.235000,54.105780

-5.279199,NaN,25000,0.240000,52.915653

-5.279199,NaN,25000,0.245000,53.386993

-5.279199,NaN,25000,0.250000,51.815898

-5.279199,NaN,25000,0.255000,51.600718

-5.279199,NaN,25000,0.260000,52.177861

-5.279199,NaN,25000,0.265000,51.821736

-5.279199,NaN,25000,0.270000,51.349255

-5.279199,NaN,25000,0.275000,51.827316

-5.279199,NaN,25000,0.280000,54.113082

-5.279199,NaN,25000,0.285000,51.613419

-5.279199,NaN,25000,0.290000,51.393267

-5.279199,NaN,25000,0.295000,52.507287

-5.279199,NaN,25000,0.300000,51.762665

-5.279199,NaN,25000,0.305000,52.096430

-5.279199,NaN,25000,0.310000,52.825210

-5.279199,NaN,25000,0.315000,51.811439

-5.279199,NaN,25000,0.320000,51.980555

-5.279199,NaN,25000,0.325000,52.034315

-5.279199,NaN,25000,0.330000,52.316795

-5.279199,NaN,25000,0.335000,52.018665

-5.279199,NaN,25000,0.340000,51.139954

-5.279199,NaN,25000,0.345000,51.356794

-5.279199,NaN,25000,0.350000,51.414680

-5.279199,NaN,25000,0.355000,51.341218

-5.279199,NaN,25000,0.360000,51.454260

-5.279199,NaN,25000,0.365000,51.551333

-5.279199,NaN,25000,0.370000,51.334016

-5.279199,NaN,25000,0.375000,51.682721

-5.279199,NaN,25000,0.380000,51.238325

-5.279199,NaN,25000,0.385000,51.351871

-5.279199,NaN,25000,0.390000,50.917729

-5.279199,NaN,25000,0.395000,51.472234

-5.279199,NaN,25000,0.400000,51.285386

-5.279199,NaN,25000,0.405000,52.618299

-5.279199,NaN,25000,0.410000,52.106581

-5.279199,NaN,25000,0.415000,51.890223

-5.279199,NaN,25000,0.420000,52.634842

-5.279199,NaN,25000,0.425000,51.984876

-5.279199,NaN,25000,0.430000,51.954804

-5.279199,NaN,25000,0.435000,51.784100

-5.279199,NaN,25000,0.440000,52.293498

-5.279199,NaN,25000,0.445000,51.263473

-5.279199,NaN,25000,0.450000,51.869412

-5.279199,NaN,25000,0.455000,52.004800

-5.279199,NaN,25000,0.460000,51.822838

-5.279199,NaN,25000,0.465000,52.521722

-5.279199,NaN,25000,0.470000,51.970739

-5.279199,NaN,25000,0.475000,52.534797

-5.279199,NaN,25000,0.480000,51.820498

-5.279199,NaN,25000,0.485000,51.497288

-5.279199,NaN,25000,0.490000,52.119572

-5.279199,NaN,25000,0.495000,52.776006

-5.279199,NaN,25000,0.500000,52.469484

-5.279199,NaN,25000,0.505000,51.641185

-5.279199,NaN,25000,0.510000,51.537307

-5.279199,NaN,25000,0.515000,52.787796

-5.279199,NaN,25000,0.520000,52.327820

-5.279199,NaN,25000,0.525000,52.509743

-5.279199,NaN,25000,0.530000,52.475614

-5.279199,NaN,25000,0.535000,52.561212

-5.279199,NaN,25000,0.540000,51.994728

-5.279199,NaN,25000,0.545000,52.993134

-5.279199,NaN,25000,0.550000,52.242145

-5.279199,NaN,25000,0.555000,51.651270

-5.279199,NaN,25000,0.560000,52.436119

-5.279199,NaN,25000,0.565000,52.548532

-5.279199,NaN,25000,0.570000,51.726687

-5.279199,NaN,25000,0.575000,51.584564

-5.279199,NaN,25000,0.580000,52.053233

-5.279199,NaN,25000,0.585000,51.790162

-5.279199,NaN,25000,0.590000,51.664841

-5.279199,NaN,25000,0.595000,52.192805

-5.279199,NaN,25000,0.600000,52.981592

-5.279199,NaN,25000,0.605000,51.823857

-5.279199,NaN,25000,0.610000,52.447402

-5.279199,NaN,25000,0.615000,52.137972

-5.279199,NaN,25000,0.620000,51.844749

-5.279199,NaN,25000,0.625000,51.435890

-5.279199,NaN,25000,0.630000,51.795025

-5.279199,NaN,25000,0.635000,51.410489

-5.279199,NaN,25000,0.640000,52.915789

-5.279199,NaN,25000,0.645000,51.596752

-5.279199,NaN,25000,0.650000,51.481712

-5.279199,NaN,25000,0.655000,51.410988

-5.279199,NaN,25000,0.660000,52.208173

-5.279199,NaN,25000,0.665000,52.225043

-5.279199,NaN,25000,0.670000,51.758619

-5.279199,NaN,25000,0.675000,51.698440

-5.279199,NaN,25000,0.680000,52.697329

-5.279199,NaN,25000,0.685000,52.432273

-5.279199,NaN,25000,0.690000,51.443965

-5.279199,NaN,25000,0.695000,52.194770

-5.279199,NaN,25000,0.700000,52.913543

-5.279199,NaN,25000,0.705000,52.228124

-5.279199,NaN,25000,0.710000,51.948645

-5.279199,NaN,25000,0.715000,51.764902

-5.279199,NaN,25000,0.720000,51.647693

-5.279199,NaN,25000,0.725000,52.389585

-5.279199,NaN,25000,0.730000,52.288835

-5.279199,NaN,25000,0.735000,51.730288

-5.279199,NaN,25000,0.740000,51.656269

-5.279199,NaN,25000,0.745000,41.778946

-5.279199,NaN,25000,0.750000,41.122545

-5.279199,NaN,25000,0.755000,41.125827

-5.279199,NaN,25000,0.760000,41.098471

-5.279199,NaN,25000,0.765000,41.241090

-5.279199,NaN,25000,0.770000,41.050831

-5.279199,NaN,25000,0.775000,41.016060

-5.279199,NaN,25000,0.780000,41.968955

-5.279199,NaN,25000,0.785000,41.923300

-5.279199,NaN,25000,0.790000,43.661424

-5.279199,NaN,25000,0.795000,42.590222

-5.279199,NaN,25000,0.800000,41.792289

-5.279199,NaN,25000,0.805000,41.343305

-5.279199,NaN,25000,0.810000,41.890311

-5.279199,NaN,25000,0.815000,42.642689

-5.279199,NaN,25000,0.820000,41.984860

-5.279199,NaN,25000,0.825000,42.885351

-5.279199,NaN,25000,0.830000,42.781495

-5.279199,NaN,25000,0.835000,42.470309

-5.279199,NaN,25000,0.840000,44.319710

-5.279199,NaN,25000,0.845000,41.808634

-5.279199,NaN,25000,0.850000,41.072581

-5.279199,NaN,25000,0.855000,41.118509

-5.279199,NaN,25000,0.860000,41.211203

-5.279199,NaN,25000,0.865000,42.121234

-5.279199,NaN,25000,0.870000,42.669057

-5.279199,NaN,25000,0.875000,42.521329

-5.279199,NaN,25000,0.880000,43.145778

-5.279199,NaN,25000,0.885000,42.597451

-5.279199,NaN,25000,0.890000,41.487448

-5.279199,NaN,25000,0.895000,41.161593

-5.279199,NaN,25000,0.900000,40.842634

-5.279199,NaN,25000,0.905000,37.451920

-5.279199,NaN,25000,0.910000,33.125012

-5.279199,NaN,25000,0.915000,32.721027

-5.279199,NaN,25000,0.920000,32.762476

-5.279199,NaN,25000,0.925000,32.986133

-5.279199,NaN,25000,0.930000,32.352427

-5.279199,NaN,25000,0.935000,32.965142

-5.279199,NaN,25000,0.940000,32.746364

-5.279199,NaN,25000,0.945000,32.656283

-5.279199,NaN,25000,0.950000,32.752390

-5.279199,NaN,25000,0.955000,32.784489

-5.279199,NaN,25000,0.960000,32.856148

-5.279199,NaN,25000,0.965000,32.395952

-5.279199,NaN,25000,0.970000,32.618385

-5.279199,NaN,25000,0.975000,32.669506

-5.279199,NaN,25000,0.980000,32.424993

-5.279199,NaN,25000,0.985000,32.790889

-5.279199,NaN,25000,0.990000,32.772834

-5.279199,NaN,25000,0.995000,32.741097

-5.279199,NaN,25000,1.000000,32.412371
